Course	Room	Teacher	Time	Students
1827	-1	"Karagiaridi, Olga"	MTF 8:00 9:00	48 48 54 54 88 88 180 180 399 399 493 493 571 571 597 597 665 665 672 672 732 732 745 745 804 804 899 899 943 943 948 948 956 956 972 972 1016 1016 1023 
1828	-1	"Miller, Bradley Robert"	MTF 9:00 10:00	29 29 72 72 82 82 99 99 200 200 241 241 472 472 487 487 744 744 847 847 920 920 956 956 1003 1003 1058 1058 1145 1145 1148 1148 1172 1172 1181 1181 1242 1242 1563 
1826	-1	"White, Susan A."	MTF 10:00 11:00	56 56 103 103 138 138 149 149 541 541 613 613 641 641 652 652 663 663 691 691 807 807 1028 1028 1076 
2369	-1	"Watkins, Lisa Marie"	MTF 11:00 12:00	204 204 255 255 395 395 404 404 500 500 660 660 684 684 720 720 769 769 949 949 1050 1050 1347 1347 
2370	-1	"Watkins, Lisa Marie"	MTF 12:00 13:00	18 18 46 46 375 375 392 392 476 476 599 599 762 762 804 804 1055 1055 1107 1107 1196 1196 1240 1240 
2371	-1	"Watkins, Lisa Marie"	MTF 13:00 14:00	62 62 95 95 119 119 136 136 550 550 606 606 1039 1039 1131 1131 1322 1322 1636 1636 1718 1718 1824 1824 
2372	-1	"Watkins, Lisa Marie"	MTF 14:00 15:00	126 126 164 164 295 295 329 329 354 354 453 453 540 540 633 633 718 718 1030 1030 1068 1068 1217 1217 
2373	-1	"Watkins, Lisa Marie"	MTF 15:00 15:10	142 142 265 265 270 270 572 572 580 580 884 884 1074 1074 1094 1094 1105 1105 1216 1216 1288 1288 1305 1305 
2187	-1	"Blank, Douglas"	TTH 8:00 9:30	280 280 343 343 562 562 737 737 876 876 941 941 1017 1017 1041 1041 1044 1044 1262 1262 1290 1290 1388 1388 
2199	-1	"Eisenberg, Richard Alan"	TTH 9:30 11:00	16 16 92 92 97 97 105 105 147 147 193 193 417 417 422 422 449 449 516 516 523 523 541 541 
2457	-1	"Eisenberg, Richard Alan"	MTF 8:00 8:10	46 46 87 87 153 153 265 265 285 285 312 312 457 457 524 524 559 559 647 647 743 743 871 871 
2188	-1	, 	MTF 8:10 9:10	44 44 132 132 234 234 264 264 306 306 414 414 
2189	-1	, 	MTF 9:10 10:10	8 8 300 300 424 424 483 483 506 506 584 584 
2200	-1	"Eisenberg, Richard Alan"	MTF 10:10 11:10	263 263 305 305 341 341 365 365 407 407 618 618 
2201	-1	"Eisenberg, Richard Alan"	MTF 11:10 12:10	203 203 444 444 458 458 474 474 512 512 555 555 
1772	-1	"Myers, Amy N."	MTF 12:10 13:10	15 15 144 144 149 149 206 206 766 766 853 853 981 981 1030 1030 1090 1090 1165 1165 1167 1167 1227 1227 1300 1300 1342 1342 1359 1359 1686 1686 1756 1756 1826 1826 1928 1928 1942 1942 1959 1959 
1967	-1	"Sudparid, Daisy"	TTH 11:00 12:30	123 123 169 169 176 176 306 306 425 425 463 463 471 471 541 541 618 618 742 742 838 838 1109 1109 1225 1225 1249 1249 1335 1335 1703 1703 1808 1808 1808 1808 1867 1867 1925 1925 
1771	-1	"Smiley, Danielle Elizabeth"	MTF 13:10 14:10	9 9 129 129 276 276 492 492 529 529 576 576 593 593 615 615 616 616 624 624 667 667 781 781 875 875 970 970 998 998 1026 1026 1052 1052 1114 
1773	-1	"Myers, Amy N."	MTF 14:10 15:10	4 4 20 20 27 27 39 39 173 173 207 207 339 339 345 345 401 401 458 458 480 480 510 510 535 535 603 603 605 605 623 623 842 842 889 
1774	-1	"Kasius, Peter G."	MTF 15:10 16:10	80 80 135 135 182 182 331 331 355 355 457 457 503 503 542 542 728 728 744 744 967 967 969 969 1037 1037 1113 1113 1313 1313 1320 1320 1423 1423 1542 
1775	-1	"Kasius, Peter G."	TTH 12:30 14:00	65 65 131 131 155 155 354 354 391 391 446 446 647 647 661 661 724 724 785 785 785 785 1019 1019 1146 1146 1221 1221 1230 1230 1249 1249 1256 1256 1443 
2375	-1	"Malachowski, William P"	MTF 16:10 17:10	102 102 109 109 160 160 252 252 517 517 608 608 612 612 682 682 834 834 874 874 957 957 1115 1115 1188 1188 1501 1501 1511 1511 1512 1512 1874 1874 1945 1945 
2376	-1	"Benner, Britt VanKirk"	F 17:10 20:40	270 270 492 492 554 554 638 638 664 664 683 683 775 775 898 898 1037 1037 1207 1207 1327 1327 1381 1381 1395 1395 1467 
1761	-1	"Kung, Yan"	TTH 14:00 15:30	333 333 373 373 421 421 518 518 615 615 675 675 713 713 761 761 826 826 929 929 
1962	-1	"Francl-Donnay, Michelle Miller"	TTH 15:30 17:00	33 33 51 51 206 206 262 262 372 372 545 545 591 591 640 640 832 832 858 858 
1972	-1	"Goldsmith, Jonas I."	TTH 17:00 18:30	5 5 38 38 190 190 250 250 411 411 421 421 528 528 541 541 654 654 738 738 
2382	-1	"Karagiaridi, Olga"	MTF 20:40 20:50	64 64 132 132 285 285 287 287 314 314 
1801	-1	"Eisenberg, Richard Alan"	TTH 18:30 20:00	14 14 97 97 218 218 451 451 452 452 515 515 517 517 559 559 757 757 817 817 866 866 951 951 1015 1015 1057 1057 1128 1128 
1783	-1	"Blank, Douglas"	TTH 20:00 21:30	84 84 115 115 121 121 238 238 352 352 376 376 428 428 485 485 680 680 807 807 839 839 845 845 
2600	EH LEC	"Callaghan, Jennefer"	TTH 8:00 9:30	54 54 94 94 159 159 167 167 226 226 267 267 381 381 
2601	EH LEC	"Salkever, Stephen G."	TTH 9:30 11:00	75 75 77 77 77 77 96 96 244 244 415 415 432 432 
2602	EH LEC	"Hemmeter, Gail C."	TTH 11:00 12:30	6 6 27 27 34 34 145 145 391 391 673 673 717 717 
2603	EH LEC	"Thomas, Kate Louise"	TTH 12:30 14:00	17 17 58 58 157 157 253 253 369 369 396 396 458 458 
2604	EH LEC	"Goldsmith, Jonas I."	TTH 14:00 15:30	89 89 116 116 179 179 330 330 379 379 392 392 393 393 
2605	EH LEC	"Brodfuehrer, Peter D."	TTH 15:30 17:00	45 45 142 142 241 241 286 286 365 365 414 414 610 610 
2606	EH LEC	"Stanford, Eleanor Mae"	TTH 17:00 18:30	150 150 195 195 212 212 254 254 389 389 446 446 620 620 
2607	EH LEC	"Stanford, Eleanor Mae"	TTH 18:30 20:00	5 5 90 90 202 202 249 249 279 279 313 313 315 315 
2608	EH LEC	"Ruben, Matthew S."	TTH 20:00 21:30	17 17 35 35 61 61 84 84 114 114 205 205 266 266 
2030	EH I	"Pinto-Coelho, Joanna Marie"	TTH 8:00 9:30	37 37 74 74 131 131 176 176 177 177 488 488 498 498 505 505 546 546 573 573 686 686 696 696 942 942 1045 1045 1138 1138 1147 1147 1201 1201 1210 
2564	EH I	"Kale, Madhavi"	TTH 8:00 9:30	216 216 236 236 315 315 385 385 387 387 526 526 575 575 577 577 710 710 734 734 832 832 858 858 870 
1884	EH I	"Fenner, Sofia Alia"	TTH 8:00 9:30	124 124 139 139 208 208 378 378 416 416 483 483 500 500 544 544 578 578 685 685 694 694 714 714 819 819 843 843 849 849 927 927 975 975 1165 
1892	EH I	"Allen, Michael H."	TTH 9:30 11:00	21 21 60 60 552 552 712 712 735 735 760 760 797 797 799 799 994 994 1018 1018 1206 1206 1209 1209 1282 
2609	EH I	"Ruben, Matthew S."	TTH 8:00 9:30	16 16 19 19 26 26 376 376 536 536 723 723 889 889 
2610	EH I	"Sullivan, Mecca Jamilah"	TTH 9:30 11:00	38 38 217 217 227 227 239 239 254 254 374 374 451 451 
2611	EH I	"Griffith, Joann Denise"	TTH 11:00 12:30	42 42 54 54 219 219 220 220 307 307 344 344 413 413 
2612	EH I	"Griffith, Joann Denise"	TTH 12:30 14:00	4 4 151 151 201 201 203 203 236 236 322 322 331 331 
2613	EH I	"Bryant, Sara Louise"	TTH 14:00 15:30	198 198 311 311 350 350 404 404 461 461 885 885 935 935 
2614	EH I	"Gordon, Colby William"	TTH 15:30 17:00	272 272 301 301 377 377 543 543 544 544 637 637 767 767 
2615	EH I	"Walker, Alicia"	TTH 17:00 18:30	35 35 160 160 258 258 269 269 377 377 457 457 458 458 
2616	EH I	"Liontas, Anna"	TTH 18:30 20:00	50 50 91 91 312 312 413 413 454 454 469 469 497 497 
2617	EH I	"Matthews, Airea Dionne"	TTH 20:00 21:30	28 28 181 181 226 226 371 371 543 543 600 600 622 622 
1987	EH II	"Taylor, Jamie K."	TTH 8:00 9:30	9 9 83 83 113 113 300 300 420 420 424 424 471 471 579 579 667 667 
2148	EH II	"Kopec, Stephen Dennis"	TTH 8:00 9:30	3 3 12 12 60 60 150 150 269 269 318 318 357 357 375 
2588	EH II	"Kopec, Stephen Dennis"	TTH 9:30 11:00	50 50 220 220 267 267 488 488 523 523 553 553 684 684 783 
2589	EH II	"Litsinger, Betty Lou"	TTH 11:00 12:30	4 4 64 64 219 219 235 235 274 274 325 325 327 327 358 
2592	EH II	"Litsinger, Betty Lou"	TTH 12:30 14:00	73 73 83 83 193 193 325 325 491 491 777 777 780 780 916 
2678	EH II	"Joyce, Colette M."	TTH 8:00 9:30	51 51 95 95 153 153 291 291 381 381 498 498 617 617 733 733 790 790 793 793 1037 1037 1047 1047 1062 1062 1132 1132 1267 1267 1318 1318 1373 1373 1456 
2032	EH II	"Wright, Nathan Daniel"	TTH 9:30 11:00	94 94 173 173 178 178 319 319 388 388 720 720 768 768 893 893 1041 1041 1109 1109 1243 1243 1577 1577 1629 1629 
1932	EH II	"Montes, Veronica"	TTH 11:00 12:30	13 13 55 55 67 67 68 68 131 131 278 278 343 343 399 399 460 460 465 465 627 627 752 752 848 
1971	EH II	"Wright, Nathan Daniel"	TTH 12:30 14:00	128 128 253 253 300 300 321 321 425 425 518 518 602 602 808 808 822 822 880 880 980 980 1085 1085 1147 
2028	EH II	"Pinto-Coelho, Joanna Marie"	TTH 14:00 15:30	66 66 122 122 203 203 227 227 271 271 276 276 283 283 421 421 632 632 742 742 759 759 763 763 888 
2031	EH II	"Karen, David"	TTH 15:30 17:00	34 34 114 114 141 141 165 165 211 211 211 211 311 311 380 380 435 435 466 466 751 751 896 896 961 
2116	EH II	"Coutinho-Sledge, Piper Elizabeth"	TTH 17:00 18:30	6 6 17 17 103 103 181 181 229 229 244 244 308 308 415 415 435 435 632 632 724 724 725 725 764 
2427	EH II	"Ullman, Sharon R."	TTH 8:00 9:30	28 28 69 69 138 138 271 271 273 273 359 359 534 534 579 579 659 659 852 852 868 868 951 951 1032 1032 1086 1086 1128 1128 1143 1143 1190 1190 1264 1264 1274 1274 1313 1313 
1820	EH II	"Gallup-Diaz, Ignacio"	TTH 9:30 11:00	59 59 320 320 384 384 484 484 534 534 711 711 817 817 830 830 854 854 1026 1026 1089 1089 1101 1101 1107 1107 1303 1303 1366 1366 1562 1562 1572 1572 1897 
1963	EH II	 & Ntrl Hist", 	TTH 11:00 12:30	180 180 238 238 263 263 370 370 436 436 545 545 639 639 716 716 716 716 854 854 1009 1009 1013 1013 1085 1085 1175 1175 1218 1218 1240 1240 1379 1379 1425 
2121	EH II	"Kurimay, Andrea Anita"	TTH 12:30 14:00	182 182 194 194 197 197 203 203 237 237 342 342 539 539 568 568 626 626 727 727 856 856 936 936 982 
1907	EH II	"Ashraf, Assef"	TTH 14:00 15:30	32 32 37 37 90 90 304 304 333 333 367 367 442 442 476 476 505 505 520 520 551 551 565 565 
2704	EH II	"Snell, Steven L."	TTH 8:00 9:30	42 42 98 98 316 316 432 432 474 474 822 822 828 828 918 918 954 954 1001 1001 1100 1100 1399 1399 1450 1450 1452 1452 1531 1531 
1836	EH II	"Hager, Carol"	TTH 9:30 11:00	99 99 328 328 354 354 383 383 401 401 511 511 520 520 591 591 629 629 632 632 652 652 919 919 930 
1960	EH II	"Elkins, Jeremy"	TTH 11:00 12:30	26 26 36 36 69 69 567 567 942 942 994 994 1240 1240 1351 1351 1429 1429 1554 1554 1912 1912 
2706	EH II	, "Walter	TTH 12:30 14:00	143 143 193 193 202 202 397 397 430 430 453 453 481 481 489 489 505 505 550 550 
2618	EH II	 Bad Science and Nonsense", "Matlin	TTH 8:00 9:30	294 294 400 400 403 403 413 413 489 489 616 616 649 649 
2619	EH II	"Walters, Jennifer L."	TTH 9:30 11:00	58 58 68 68 260 260 426 426 459 459 482 482 564 564 
2620	EH II	"Thomas, Earl"	TTH 11:00 12:30	352 352 410 410 487 487 561 561 593 593 731 731 766 766 
2621	EH II	"Jiang, Yonglin"	TTH 12:30 14:00	129 129 161 161 188 188 295 295 357 357 361 361 365 365 
2622	EH II	"Tratner, Michael"	TTH 14:00 15:30	60 60 67 67 112 112 160 160 608 608 773 773 830 830 
2623	EH II	"Coutinho-Sledge, Piper Elizabeth"	TTH 15:30 17:00	3 3 105 105 192 192 294 294 529 529 623 623 702 702 
2624	EH II	"Myers, Amy N."	TTH 17:00 18:30	231 231 272 272 513 513 536 536 554 554 574 574 584 584 
2625	EH II	 Rebellion,  Revolution"	TTH 18:30 20:00	70 70 127 127 166 166 282 282 379 379 391 391 466 466 
2626	EH II	 Please", "Lord	TTH 20:00 21:30	37 37 61 61 327 327 377 377 405 405 433 433 447 447 
1791	EH III	"Liontas, Anna"	F 8:00 11:00	24 24 101 101 111 111 418 418 673 673 685 685 907 907 925 
1965	EH III	"Feldman, Lauren M"	F 11:00 14:00	13 13 49 49 126 126 220 220 249 249 281 281 349 349 501 
2027	EH III	"Torday, Daniel P."	TTH 8:00 9:30	19 19 64 64 271 271 324 324 375 375 407 407 485 485 512 
2146	EH III	"Matthews, Airea Dionne"	TTH 9:30 11:00	13 13 22 22 56 56 106 106 145 145 222 222 227 227 317 
1890	EH III	"Bryant, Sara Louise"	TTH 8:00 9:30	64 64 163 163 366 366 431 431 435 435 631 631 635 635 740 740 758 758 855 855 903 903 1075 1075 1624 1624 1624 1624 1652 1652 
1940	EH III	"Tratner, Michael"	TTH 9:30 11:00	10 10 62 62 172 172 231 231 332 332 349 349 495 495 692 692 700 700 847 847 862 862 888 888 901 901 988 988 1001 1001 
2120	EH III	"Beard, Linda-Susan"	TTH 11:00 12:30	140 140 169 169 172 172 212 212 291 291 355 355 368 368 443 443 470 470 534 534 592 592 705 705 721 721 741 741 792 792 
2143	EH III	"Thomas, Kate Louise"	TTH 12:30 14:00	24 24 230 230 326 326 332 332 359 359 366 366 455 455 470 470 482 482 585 585 614 614 656 656 725 725 794 794 833 833 
1776	EH III	"Taylor, Jamie K."	TTH 14:00 15:30	242 242 378 378 492 492 535 535 547 547 598 598 641 641 924 924 1034 1034 
1931	EH III	"Taylor, Jamie K."	TTH 15:30 17:00	290 290 362 362 406 406 441 441 459 459 586 586 612 612 613 
2029	EH III	"Washington, Robert"	TTH 17:00 18:30	55 55 121 121 141 141 317 317 331 331 508 508 558 558 565 565 596 596 609 609 
1769	EH III	"Coutinho-Sledge, Piper Elizabeth"	F 8:00 10:00	214 214 260 260 288 288 477 477 537 537 971 971 1123 1123 1163 
1941	EH III	"Karen, David"	F 10:00 13:00	112 112 212 212 295 295 427 427 508 508 530 530 535 535 799 
2001	EH III	"Washington, Robert"	F 13:00 16:00	2 2 76 76 104 104 116 116 305 305 309 309 315 315 319 
2122	EH III	"Ngalamulume, Kalala"	F 16:00 19:00	163 163 208 208 289 289 339 339 364 364 448 448 459 459 606 
2123	EH III	"Ullman, Sharon R."	F 19:00 22:00	52 52 122 122 171 171 302 302 331 331 407 407 582 582 698 
1814	CARP 21	"Kubati, Roni"	MTF 8:00 9:00	96 96 150 150 156 156 168 168 430 430 490 490 696 696 708 708 771 771 
1815	CARP 21	"Kubati, Roni"	MTF 9:00 10:00	344 344 538 538 816 816 848 848 868 868 926 926 937 937 943 943 962 962 
2627	CARP 21	"Spohrer, Jennifer L."	TTH 8:00 9:30	110 110 114 114 114 114 122 122 153 153 290 290 408 408 
2682	CARP 21	"Schneider, Bethany"	TTH 9:30 11:00	30 30 494 494 589 589 634 634 723 723 738 738 973 973 
2672	CARP 21	"Horner, Betsy Helen"	MTF 8:00 9:00	22 22 72 72 73 73 80 80 120 120 
2673	CARP 21	"Horner, Betsy Helen"	TTH 8:00 9:30	139 139 456 456 464 464 502 502 530 530 
2674	CARP 21	"Horner, Betsy Helen"	MTF 9:00 10:00	169 169 248 248 260 260 597 597 774 774 
1860	CARP 15	"Ricci, Roberta"	TTH 8:00 9:30	52 52 59 59 75 75 137 137 235 235 243 243 392 392 485 485 598 598 
2183	CARP 15	"Sudparid, Daisy"	MTF 8:00 9:00	18 18 102 102 192 192 282 282 292 292 
2145	CARP 13	"Donohue, Alice A."	MTF 8:00 9:00	107 107 133 133 290 290 314 314 364 364 420 420 520 520 642 642 702 702 874 874 
1823	CARP 13	"Lindenlauf, Astrid"	MTF 9:00 10:00	124 124 173 173 225 225 259 259 299 299 394 394 447 447 487 
2436	CARP 13	"Lindenlauf, Astrid"	MTF 10:00 11:00	188 188 205 205 245 245 265 265 353 
2437	CARP 13	"Lindenlauf, Astrid"	MTF 11:00 12:00	109 109 125 125 180 180 200 200 416 
1917	CARP 13	"Rescorla, Leslie"	TTH 8:00 9:30	91 91 235 235 386 386 439 439 563 563 569 569 662 662 708 708 748 748 780 780 905 905 932 932 968 968 1040 1040 1046 1046 1123 1123 1144 1144 1160 1160 1170 1170 1317 1317 1340 1340 1469 1469 1492 1492 1582 1582 1628 1628 1660 1660 1758 1758 1799 1799 1822 1822 1837 1837 1848 1848 1969 1969 
1780	CARP 13	"Cast, David J.D."	MTF 8:00 9:00	45 45 78 78 136 136 151 151 199 199 231 231 274 274 345 345 383 383 452 452 
1902	CARP 13	"Ceglowski, Janet"	TTH 8:00 9:30	261 261 397 397 533 533 881 881 958 958 970 970 1099 1099 1121 1121 1127 1127 1234 1234 1347 1347 1493 1493 1547 1547 1620 1620 1699 1699 
1903	CARP 13	"Sfekas, Andrew Edward"	TTH 9:30 11:00	29 29 56 56 85 85 98 98 130 130 140 140 432 432 451 451 610 610 719 719 794 794 863 863 870 870 925 925 926 926 
1904	CARP 13	"Sfekas, Andrew Edward"	TTH 11:00 12:30	63 63 387 387 390 390 740 740 747 747 784 784 797 797 808 808 838 838 1012 1012 1013 1013 1033 1033 1196 1196 1302 1302 1322 1322 
2110	CARP 13	"Lindenlauf, Astrid"	TTH 12:30 14:00	225 225 241 241 298 298 320 320 370 370 404 404 549 549 633 633 659 659 800 800 
1839	CARP 13	"Donohue, Alice A."	MTF 8:00 9:00	133 133 191 191 368 368 382 382 434 434 462 462 481 481 527 
1799	CARP 13	"Albert, William Dustin"	TTH 14:00 15:30	52 52 133 133 273 273 429 429 440 440 445 445 559 559 619 619 650 650 726 726 788 788 829 829 913 913 998 998 1021 1021 1021 1021 1108 1108 1122 1122 1126 1126 1218 1218 
1792	CARP 13	"Park, Heejung"	TTH 15:30 17:00	290 290 482 482 553 553 560 560 585 585 588 588 657 657 681 681 879 879 891 891 915 915 988 988 1099 1099 1104 1104 1200 1200 1389 1389 1465 1465 1472 1472 
1973	CARP 13	"Thapar, Anjali"	TTH 17:00 18:30	186 186 210 210 329 329 336 336 465 465 570 570 578 578 734 734 753 753 805 805 836 836 843 843 890 890 967 967 969 969 1181 1181 1272 1272 1403 1403 
2761	CARP 13	"Lee, Jeong Min"	TTH 18:30 20:00	109 109 111 111 287 287 305 305 467 467 700 700 840 840 841 841 952 952 1020 1020 1029 1029 1046 1046 1100 1100 1113 1113 1119 1119 1171 1171 1237 1237 1467 1467 
1806	CARP 13	"Cassidy, Kimberly E."	TTH 20:00 21:30	179 179 259 259 523 523 604 604 690 690 702 702 794 794 937 937 952 952 1027 1027 1146 1146 1266 1266 1281 1281 1348 1348 
1754	CH 104	"Bishop, Stephen Lawrence"	MTF 8:00 9:00	17 17 32 32 32 32 185 185 189 189 410 410 423 423 619 619 653 653 
1755	CH 104	"Bishop, Stephen Lawrence"	MTF 9:00 10:00	20 20 104 104 118 118 134 134 399 399 495 495 565 565 644 644 649 649 
1756	CH 104	"Arribas, Ines Monique"	MTF 10:00 11:00	110 110 163 163 178 178 200 200 243 243 419 419 452 452 500 500 607 607 
1757	CH 104	"Berard, Kaylea Blaise"	MTF 11:00 12:00	26 26 179 179 287 287 298 298 431 431 705 705 894 894 913 913 1032 1032 
1758	CH 104	"Berard, Kaylea Blaise"	MTF 12:00 13:00	44 44 268 268 363 363 374 374 476 476 531 531 552 552 607 607 632 632 
1759	CH 104	"Berard, Kaylea Blaise"	MTF 13:00 14:00	288 288 362 362 431 431 521 521 551 551 742 742 756 756 759 759 920 920 
1747	CH 116	"Song, H. Rosi"	TTH 8:00 9:30	31 31 43 43 90 90 118 118 125 125 249 249 492 492 589 589 797 797 
1864	CH 116	"Arribas, Ines Monique"	MTF 8:00 9:00	15 15 80 80 233 233 239 239 291 291 363 363 422 422 479 479 516 516 
1865	CH 116	"Arribas, Ines Monique"	MTF 9:00 10:00	143 143 148 148 183 183 214 214 326 326 347 347 377 377 380 380 529 529 
1866	CH 116	"Quintero, Maria C."	MTF 10:00 11:00	106 106 131 131 166 166 226 226 303 303 346 346 460 460 546 546 563 563 
1880	CH 116	"Sacerio-Gari, Enrique"	TTH 9:30 11:00	22 22 139 139 222 222 312 312 386 386 397 397 426 426 567 567 584 584 
1821	CH 251	"Conybeare, Catherine"	TTH 8:00 9:30	28 28 85 85 177 177 182 182 207 207 273 273 296 296 381 381 440 440 452 452 656 656 663 663 692 
1992	CH 118	"Rice, Collin Christopher"	TTH 8:00 9:30	229 229 294 294 297 297 443 443 519 519 616 616 675 675 719 719 771 771 845 845 962 962 967 967 1035 1035 1303 1303 1356 1356 1573 1573 1582 1582 1833 
1781	CH 223	"Schulz, Marc S."	TTH 8:00 9:30	112 112 199 199 232 232 403 403 412 412 414 414 657 657 666 
1921	CH 223	"Thapar, Anjali"	TTH 9:30 11:00	16 16 195 195 214 214 336 336 456 456 475 475 574 574 678 
1922	CH 223	"Park, Heejung"	TTH 11:00 12:30	21 21 43 43 253 253 259 259 360 360 362 362 402 402 438 
1946	CH 223	"Feliz, Matthew C."	F 8:00 11:10	66 66 130 130 352 352 356 356 391 391 446 446 449 449 537 537 599 599 600 600 946 946 948 948 992 992 1006 1006 1031 1031 1037 1037 1065 1065 1209 1209 1308 1308 1592 1592 1777 1777 1842 1842 1845 1845 1856 1856 1857 1857 
2454	CH 223	"Shi, Jie"	TTH 12:30 14:00	63 63 92 92 159 159 183 183 475 475 510 510 795 795 823 823 889 889 899 899 982 982 1028 1028 1211 1211 1311 1311 1497 1497 1518 1518 1649 1649 1855 1855 1886 1886 
1804	CH 223	"Ross, David R."	TTH 14:00 15:30	38 38 136 136 168 168 329 329 427 427 528 528 755 755 774 774 806 806 820 820 895 895 1125 1125 1190 1190 1362 1362 1375 1375 
1862	CH 223	"Nutting, Andrew Willis"	TTH 15:30 17:00	248 248 306 306 317 317 348 348 351 351 411 411 478 478 533 533 591 591 640 640 690 690 694 694 708 708 749 749 907 907 
2108	CH 223	"Sfekas, Andrew Edward"	TTH 17:00 18:30	93 93 146 146 178 178 218 218 251 251 437 437 515 515 565 565 581 581 588 588 607 607 686 686 695 695 732 732 786 786 
1805	CH 223	"Rock, Michael T."	TTH 18:30 20:00	79 79 127 127 267 267 383 383 631 631 646 646 672 672 686 686 779 779 782 782 859 859 904 904 908 
1933	CH 223	"Prettyman, Adrienne"	TTH 20:00 21:30	393 393 455 455 573 573 628 628 668 668 668 668 798 798 1036 1036 1066 1066 1087 1087 1108 1108 
1885	-1	"D'Angelo, Denise S"	MTF 8:00 9:00	346 346 387 387 542 542 729 729 826 826 937 937 
1886	-1	"Cantor, Madeline R."	MTF 9:00 10:00	110 110 138 138 211 211 297 297 353 353 385 385 
1793	-1	"Brick, David Dean"	TTH 8:00 9:30	79 79 168 168 344 344 532 532 730 730 
1887	-1	"D'Angelo, Denise S"	MTF 10:00 11:00	6 6 28 28 86 86 137 
1753	-1	"Mintzer, Linda K."	TTH 9:30 11:00	218 218 248 248 277 277 351 351 435 435 465 465 683 683 761 761 840 840 882 882 
1800	-1	"Jones, Lela Aisha"	TTH 11:00 12:30	24 24 75 75 126 126 263 263 264 264 378 378 381 381 428 428 515 515 788 788 
1939	-1	"Stortz, Michelle Winifred"	TTH 12:30 14:00	74 74 162 162 397 397 448 448 473 473 524 524 548 548 672 672 804 804 1043 1043 
2271	-1	"Goodman, Yasmin"	TTH 14:00 15:30	5 5 9 9 39 39 43 43 133 133 228 228 236 236 245 245 378 378 481 481 
1752	-1	"D'Angelo, Denise S"	F 11:00 13:00	113 113 152 152 326 326 468 468 544 544 614 614 626 626 647 647 653 653 824 824 
1938	-1	"Malcolm-Naib, Rebecca Lynne"	TTH 15:30 17:00	8 8 132 132 163 163 202 202 332 332 401 401 406 406 509 509 738 738 835 835 
1794	-1	"Cruz, Felicia V."	TTH 17:00 18:30	81 81 293 293 327 327 595 595 628 628 708 708 
1795	-1	"Prince, Olive Kachina"	TTH 18:30 20:00	35 35 63 63 65 65 167 167 175 175 218 218 
2204	-1	"Cantor, Madeline R."	TTH 20:00 21:30	8 8 21 21 88 88 337 337 356 356 
1751	GO B	"Cantor, Madeline R."	F 8:00 11:00	33 33 47 47 172 172 230 230 258 258 566 566 
1825	GO B	"Ward, Molly"	TTH 8:00 9:30	1 1 31 31 144 144 413 413 464 464 479 479 507 507 654 654 
1959	GO B	"Kim, Seonjae"	MTF 11:00 11:10	61 61 174 174 247 247 251 251 304 304 327 327 336 336 346 346 
2702	GO B	"Fossner, Lily Sophia"	TTH 9:30 11:00	105 105 155 155 186 186 244 244 246 246 292 292 
2132	GO B	"Kurimay, Andrea Anita"	F 11:10 14:10	57 57 113 113 201 201 310 310 320 320 341 341 396 396 463 
2021	GO B	"Kurimay, Andrea Anita"	F 14:10 17:10	2 2 50 50 302 302 337 337 355 355 
1869	GO B	"Allen, Michael H."	F 17:10 19:10	48 48 132 132 185 185 188 188 258 258 281 281 646 646 764 764 778 778 
2135	GO B	"Schlosser, Joel Alden"	TTH 11:00 12:30	12 12 23 23 103 103 158 158 160 160 234 234 
1743	GO B	"Kim, Seonjae"	MTF 19:10 19:20	73 73 85 85 140 140 213 213 382 382 617 617 682 682 757 757 
2003	GO B	"Cantor, Madeline R."	MTF 19:20 19:30	43 43 
1966	GO B	"McDaniel, Justin"	MTF 19:30 19:40	27 27 57 57 
2069	GO B	"Slusar, Catharine Kevin"	MTF 19:40 19:50	116 116 123 123 
2070	GO B	"McDaniel, Justin"	MTF 19:50 20:00	32 32 53 53 
2071	GO B	"Brick, David Dean"	MTF 20:00 20:10	189 189 418 418 
2072	GO B	"Department staff, TBA"	MTF 20:10 20:20	61 61 223 223 
2105	GO B	"Cantor, Madeline R."	MTF 20:20 20:30	139 139 215 
2640	GIL 203	"Rose, Christina Marie"	TTH 8:00 9:30	71 71 99 99 235 235 251 251 277 277 282 282 313 313 345 345 392 392 551 551 
2141	BYC 100	"McDonogh, Gary Wray"	TTH 8:00 9:30	24 24 422 422 444 444 485 485 491 491 713 713 731 731 747 747 813 813 900 900 999 999 1300 1300 1341 1341 1360 1360 1364 1364 1670 1670 1716 1716 1721 1721 1799 1799 1831 1831 1869 1869 1878 1878 2000 2000 
2166	BYC 100	"McDonogh, Gary Wray"	TTH 9:30 11:00	7 7 228 228 246 246 395 395 564 564 882 882 1060 1060 1089 1089 1154 1154 1228 1228 1248 1248 1473 1473 1477 1477 1602 1602 1610 1610 1730 1730 1785 1785 1786 
2186	BYC 100	"Lee, Min Kyung"	TTH 8:00 9:30	59 59 162 162 209 209 213 213 245 245 643 643 676 676 706 706 748 748 865 865 938 938 943 943 987 987 995 995 1045 1045 
2745	BYC 100	"Cohen, Jeffrey A."	TTH 9:30 11:00	10 10 176 176 192 192 204 204 269 269 308 308 334 334 422 422 478 478 523 523 
1882	BYC 100	"Voith, Daniela Holt"	F 8:00 10:00	102 102 179 179 208 208 503 503 578 578 668 668 1102 1102 1122 
2033	BYC 100	"Flaks, Debbie"	F 10:00 13:00	25 25 41 41 50 50 107 107 147 147 192 192 221 221 318 318 347 347 440 440 489 489 
2275	BYC 100	"Wilson, Chanelle Elizabeth"	F 13:00 15:40	2 2 70 70 151 151 208 208 252 252 431 431 464 464 636 
2115	BYC 100	"Golden, Marissa Martino"	F 15:40 18:40	135 135 210 210 242 242 277 277 320 320 438 438 489 489 639 639 641 641 
1735	BYC 100	"Raddatz, Liv"	F 18:40 20:40	11 11 58 58 267 267 339 339 342 342 354 354 410 410 429 
1734	BYC 100	"Schulz, Marc S."	TTH 11:00 12:30	67 67 199 199 286 286 504 504 508 508 510 510 682 682 699 699 
2721	BYC 100	"Lee, Jeong Min"	TTH 12:30 14:00	31 31 58 58 255 255 307 307 324 324 917 917 949 949 1086 1086 
1849	BYC 100	"Cohen, Jeffrey A."	MTF 20:40 20:50	13 13 93 93 123 123 134 134 
2142	BYC 100	"Raddatz, Liv"	MTF 20:50 21:00	120 120 134 134 196 
1809	TAY F	"Sanquer, Marie"	MTF 8:00 9:00	89 89 148 148 184 184 205 205 219 219 338 338 437 437 478 478 545 545 
1810	TAY F	"Ragueneau, Corine M"	MTF 9:00 10:00	156 156 237 237 395 395 406 406 421 421 468 468 636 636 688 688 725 725 
1811	TAY F	"Suaudeau, Julien Mathieu"	MTF 10:00 11:00	3 3 76 76 105 105 138 138 171 171 189 189 328 328 348 348 350 350 
1852	TAY F	"Zeiss, Agnes C"	MTF 11:00 12:00	11 11 248 248 425 425 727 727 816 816 983 983 1183 1183 1186 1186 1194 1194 
1855	TAY F	"Armstrong, Grace Morgan"	MTF 12:00 13:00	124 124 175 175 202 202 220 220 246 246 261 261 365 365 390 390 406 406 
1856	TAY F	"Zeiss, Agnes C"	MTF 13:00 14:00	123 123 372 372 566 566 674 674 716 716 815 815 904 904 1303 1303 1493 1493 
1857	TAY F	"Mahuzier, Brigitte"	MTF 14:00 15:00	68 68 107 107 161 161 186 186 187 187 294 294 309 309 423 423 612 612 
1858	TAY F	"Suaudeau, Julien Mathieu"	MTF 15:00 16:00	45 45 145 145 183 183 307 307 333 333 338 338 491 491 679 679 707 707 
1812	TAY G	"Shen, Qinna"	MTF 8:00 9:00	77 77 174 174 184 184 194 194 198 198 277 277 279 279 302 302 360 360 423 423 484 484 
1859	TAY D	"Seyhan, Azade"	MTF 8:00 9:00	31 31 93 93 96 96 122 122 343 343 405 405 567 567 596 596 689 689 
1905	TAY E	"White, Susan A."	TTH 8:00 9:30	11 11 193 193 297 297 369 369 497 497 585 585 765 765 878 878 890 890 1287 1287 1411 1411 1417 1417 1543 1543 1588 1588 1629 1629 
1896	TAY B	"Seselj, Maja"	TTH 8:00 9:30	49 49 174 174 177 177 308 308 319 319 340 340 728 728 741 741 746 746 777 777 879 879 1075 1075 1247 1247 1542 1542 1607 1607 1625 1625 1636 1636 1668 1668 1901 1901 1984 1984 
2396	TAY B	"VanSickle, Caroline Marie"	TTH 9:30 11:00	25 25 29 29 164 164 199 199 289 289 579 579 586 586 650 650 717 
2397	TAY B	"VanSickle, Caroline Marie"	TTH 11:00 12:30	113 113 170 170 228 228 236 236 237 237 353 353 409 409 661 661 671 
2398	TAY B	"VanSickle, Caroline Marie"	TTH 12:30 14:00	29 29 135 135 227 227 412 412 582 582 592 592 707 707 746 746 815 
2399	TAY B	"VanSickle, Caroline Marie"	TTH 14:00 15:30	16 16 33 33 171 171 233 233 335 335 454 454 462 462 512 512 849 
1760	TAY C	"VanSickle, Caroline Marie"	F 8:00 10:30	87 87 191 191 233 233 304 304 368 368 514 514 638 638 651 651 780 780 800 800 806 806 856 856 974 
2114	TAY C	"Seselj, Maja"	TTH 8:00 9:30	74 74 125 125 136 136 299 299 501 501 555 555 688 688 819 819 874 874 921 921 972 972 1022 1022 1056 
2590	TAY C	"Campoamor, Leigh Miranda"	TTH 9:30 11:00	144 144 240 240 424 424 599 599 666 666 772 772 842 842 944 944 1028 1028 1043 1043 1137 1137 1150 1150 1166 
2591	TAY C	"Campoamor, Leigh Miranda"	TTH 11:00 12:30	93 93 130 130 467 467 611 611 681 681 715 715 737 737 785 785 1048 1048 1155 1155 1159 1159 1168 1168 1424 
2410	TAY C	"Elkins, Jeremy"	F 10:30 13:30	51 51 71 71 109 109 141 141 238 238 257 257 324 324 590 590 814 814 
2180	TAY C	"Fenner, Sofia Alia"	F 13:30 16:30	78 78 349 349 486 486 494 494 498 498 568 568 627 627 699 699 
1943	TAY C	"Rescorla, Leslie"	F 16:30 19:30	59 59 162 162 503 503 533 533 567 567 693 693 726 726 1192 1192 
1870	TAY C	"Edmonds, Radcliffe"	TTH 12:30 14:00	2 2 461 461 823 823 859 859 880 880 908 908 
1786	TAY C	"Robbins, Carrie Marie"	F 19:30 21:30	12 12 84 84 172 172 224 224 279 279 296 296 445 445 471 471 522 522 593 
1817	DAL 300	"Stavis, Jesse Samuel"	MTF 8:00 9:00	33 33 247 247 255 255 363 363 403 403 416 416 479 479 630 630 679 679 951 951 990 990 1053 1053 1070 
1730	DAL 119	"Darwish, Manar"	MTF 8:00 9:00	20 20 48 48 86 86 241 241 334 334 370 370 449 449 454 
1816	DAL 119	"Baertschi, Annette Martine"	MTF 8:00 9:00	175 175 348 348 429 429 472 472 586 586 875 875 983 983 1324 1324 1425 1425 1488 1488 
1863	DAL 2	"Grigoryan, Bella"	MTF 8:00 9:00	217 217 303 303 353 353 409 409 450 450 473 473 499 499 599 
1879	DAL 2	"Barber, Donald"	TTH 8:00 9:30	98 98 157 157 319 319 335 335 525 525 556 556 584 584 658 658 682 682 709 709 714 714 745 745 836 836 846 846 886 886 1017 1017 1066 1066 1089 1089 1127 1127 1229 1229 
1842	DAL 1	"Weil, Arlo Brandon"	MTF 8:00 9:00	25 25 65 65 101 101 110 110 196 196 254 254 264 264 443 443 571 571 620 620 
1843	DAL 1	"Weil, Arlo Brandon"	MTF 9:00 10:00	25 25 34 34 86 86 185 185 266 266 350 350 358 358 468 468 490 490 778 778 
1844	DAL 1	"Weil, Arlo Brandon"	MTF 10:00 11:00	10 10 23 23 170 170 228 228 357 357 379 379 398 398 511 511 550 550 655 655 
2654	DAL 1	"Wien, Michelle W."	MTF 8:00 9:00	165 165 211 211 225 225 279 279 288 288 301 301 483 483 496 496 501 501 596 596 620 620 704 704 934 934 993 993 1152 1152 1160 1160 1346 1346 1430 1430 1460 1460 1492 1492 1782 1782 1814 1814 1897 1897 1989 1989 
1762	DAL 1	"Greif, Karen F."	MTF 9:00 10:00	62 62 103 103 108 108 191 191 221 221 410 410 448 448 465 465 476 476 521 521 535 535 595 595 649 649 676 676 755 755 808 808 1125 1125 1231 1231 1520 1520 1639 1639 1678 1678 1722 1722 1927 1927 1997 1997 
1763	DAL 1	"Davis, Tamara L."	MTF 10:00 11:00	106 106 115 115 151 151 201 201 263 263 375 375 608 608 622 622 667 667 691 691 745 745 753 753 775 775 782 782 877 877 942 942 1122 1122 1156 1156 1165 1165 1168 1168 1215 1215 1304 1304 1441 1441 1499 1499 1564 1564 1658 1658 1782 1782 1805 
1764	DAL 1	"Skirkanich, Jennifer Nicole"	MTF 11:00 12:00	27 27 83 83 108 108 221 221 281 281 285 285 322 322 357 357 362 362 437 437 531 531 580 580 651 651 
1765	DAL 1	"Skirkanich, Jennifer Nicole"	MTF 12:00 13:00	83 83 99 99 262 262 384 384 430 430 450 450 576 576 637 637 661 661 685 685 728 728 783 783 840 840 
1766	DAL 1	"Skirkanich, Jennifer Nicole"	MTF 13:00 14:00	108 108 120 120 144 144 149 149 196 196 285 285 407 407 416 416 477 477 480 480 506 506 514 514 573 573 
1767	DAL 1	"Skirkanich, Jennifer Nicole"	MTF 14:00 15:00	100 100 117 117 146 146 270 270 293 293 314 314 321 321 527 527 787 787 810 810 824 824 893 893 1095 1095 
2655	DAL 1	"Wien, Michelle W."	F 15:00 18:10	40 40 72 72 72 72 262 262 284 284 293 293 419 419 455 455 470 470 493 493 514 514 530 530 589 589 
2656	DAL 1	"Wien, Michelle W."	F 18:10 21:20	252 252 538 538 583 583 645 645 669 669 812 812 828 828 1117 1117 1176 1176 1377 1377 1556 1556 1563 1563 1807 1807 
2150	DAL 212A	"Grigoryan, Bella"	TTH 8:00 9:30	266 266 266 266 372 372 386 386 390 390 433 433 542 542 571 571 619 619 861 861 862 862 
1989	DAL 212A	"Walsh, Irina K."	TTH 9:30 11:00	40 40 47 47 120 120 142 142 155 155 165 165 237 237 371 371 387 387 401 401 
1744	DAL 212A	"Walsh, Irina K."	MTF 8:00 9:00	121 121 129 129 346 346 530 530 592 592 685 685 696 696 721 
2698	DAL 1	"Borghini, Andrea"	TTH 8:00 9:30	10 10 18 18 22 22 30 30 86 86 145 145 170 170 256 256 642 642 686 686 1244 1244 1251 1251 1257 
1819	DAL 212E	"Barber, Donald"	TTH 8:00 9:30	119 119 129 129 303 303 434 434 498 498 572 572 594 594 594 594 642 642 691 691 766 766 772 772 1063 1063 1132 1132 1153 1153 1183 
1835	DAL 212E	"Weil, Arlo Brandon"	MTF 8:00 8:10	104 104 189 189 256 256 275 275 574 574 659 659 669 669 740 740 800 800 913 913 
1958	DAL 212E	"Marenco, Pedro Jose"	TTH 9:30 11:00	107 107 209 209 253 253 291 291 521 521 739 739 765 765 793 793 869 869 933 933 
1833	DAL 10	"Davis, Tamara L."	F 8:00 9:40	159 159 167 167 408 408 429 429 553 553 587 587 615 615 630 630 677 677 781 781 786 786 788 788 853 853 909 909 916 916 1105 1105 1180 1180 
1906	DAL 10	"Greif, Karen F."	TTH 8:00 9:30	36 36 57 57 66 66 91 91 106 106 184 184 289 289 316 316 388 388 527 527 648 648 787 787 871 871 886 886 956 956 993 993 1024 1024 
2657	DAL 10	"Wien, Michelle W."	F 9:40 12:50	280 280 380 380 497 497 537 537 590 590 695 695 725 725 877 877 925 925 944 944 984 984 1005 1005 1094 1094 
2769	DAL 10	"Skirkanich, Jennifer Nicole"	F 12:50 15:50	4 4 53 53 178 178 436 436 483 483 539 539 562 562 597 597 601 601 798 798 910 910 931 931 972 972 
1834	DAL 10	"Shapiro, Joshua"	TTH 9:30 11:00	30 30 95 95 182 182 268 268 276 276 325 325 328 328 329 329 341 341 384 384 399 399 655 655 
1798	DAL 10	"Davis, Gregory Keith"	MTF 15:50 16:50	124 124 150 150 259 259 358 358 371 371 491 491 496 496 544 544 570 570 570 570 832 832 
1802	DAL 10	"Mozdzer, Thomas"	TTH 11:00 12:30	7 7 21 21 98 98 119 119 240 240 284 284 288 288 438 438 
1777	DAL 10	"Oh, Seung-Youn"	F 8:00 11:00	195 195 581 581 613 613 652 652 675 675 753 753 
1991	DAL 10	"Rojavin, Marina"	MTF 11:00 12:00	14 14 321 321 356 356 448 448 543 543 
1733	DAL 10	"Albert, William Dustin"	F 12:00 15:00	206 206 316 316 552 552 555 555 657 657 658 658 670 670 
2147	DAL 10	"Torday, Daniel P."	F 15:00 18:00	154 154 256 256 297 297 496 496 602 602 796 796 839 839 940 
1617	DAL 10	"Sullivan, Mecca Jamilah"	TTH 8:00 9:30	1 1 382 382 509 509 727 727 776 776 818 818 911 911 1133 1133 1175 1175 1187 
1918	DAL 10	"Gordon, Colby William"	TTH 9:30 11:00	41 41 76 76 250 250 311 311 411 411 524 524 598 598 704 704 716 716 
1934	DAL 10	"Schneider, Bethany"	TTH 11:00 12:30	18 18 42 42 47 47 229 229 278 278 427 427 474 474 477 477 621 621 
2133	DAL 10	"Lee, Min Kyung"	F 18:00 20:00	6 6 47 47 57 57 79 79 147 147 198 198 204 204 216 
2125	DAL 10	"Saltzman, Lisa R."	F 20:00 22:00	180 180 280 280 335 335 550 550 631 631 678 678 741 741 775 
1847	HLS 110	"Yin, Melinda Ray-Lin"	TTH 8:00 9:30	71 71 130 130 367 367 513 513 522 522 648 648 657 657 689 689 706 706 789 789 878 878 950 950 
1851	HLS 110	"Chander, Monica"	TTH 9:30 11:00	20 20 157 157 158 158 324 324 340 340 444 444 645 645 729 729 766 766 825 825 946 946 
1824	HLS 110	"Brodfuehrer, Peter D."	MTF 8:00 9:00	85 85 281 281 317 317 386 386 582 582 618 618 
1995	HLS 110	"Mozdzer, Thomas"	F 9:00 12:00	9 9 128 128 283 283 420 420 548 548 778 778 
2020	HLS 110	"Shapiro, Joshua"	F 12:00 15:00	88 88 268 268 323 323 328 328 363 363 518 518 
2037	HLS 110	"Brodfuehrer, Peter D."	MTF 8:00 8:10	94 94 187 187 
2038	HLS 110	"Chander, Monica"	MTF 8:10 8:20	41 41 111 111 
2039	HLS 110	"Davis, Gregory Keith"	MTF 8:20 8:30	171 171 233 233 
2040	HLS 110	"Davis, Tamara L."	MTF 8:30 8:40	41 41 53 53 
2041	HLS 110	"Greif, Karen F."	MTF 8:40 8:50	70 70 168 168 
2042	HLS 110	"Mozdzer, Thomas"	MTF 8:50 9:00	46 46 97 97 
2043	HLS 110	"Shapiro, Joshua"	MTF 9:00 9:10	88 88 284 284 
1893	PK 338	"Lillehaugen, Brook Danielle"	TTH 8:00 9:30	91 91 268 268 313 313 318 318 323 323 341 341 350 350 373 373 393 393 398 398 433 433 441 441 520 520 629 629 662 662 757 757 770 770 994 
2387	PK 338	"Noel, Michael"	MTF 8:00 9:00	125 125 156 156 206 206 273 273 275 275 310 310 437 437 445 445 566 566 666 666 855 855 938 938 1001 1001 1024 1024 1081 1081 1130 1130 1192 1192 1235 1235 1528 1528 1617 1617 1646 1646 1770 1770 1878 1878 1925 1925 1987 1987 
1935	PK 338	"Daniel, Kathryne Jeannine"	MTF 9:00 10:00	36 36 39 39 154 154 274 274 330 330 461 461 494 494 749 749 850 850 909 909 1036 1036 1051 1051 1402 1402 1481 1481 1487 1487 1515 1515 1529 1529 1529 1529 1537 1537 1610 1610 
2388	PK 338	"Bahreyni, Newshaw"	MTF 10:00 11:00	183 183 434 434 470 470 472 472 748 748 802 802 848 848 893 893 1162 1162 1435 1435 1452 1452 1632 1632 1668 1668 1685 1685 1802 1802 1932 1932 
2390	PK 338	"Matlin, Mark"	F 11:00 13:00	12 12 36 36 313 313 347 347 356 356 560 560 596 596 606 606 625 625 734 734 973 973 996 996 1067 1067 
1936	PK 338	"Bahreyni, Newshaw"	F 13:00 16:00	42 42 141 141 170 170 224 224 232 232 255 255 296 296 373 373 502 502 504 504 
1937	PK 338	"Bahreyni, Newshaw"	F 16:00 19:00	3 3 40 40 69 69 154 154 207 207 221 221 234 234 321 321 428 428 456 456 
2389	PK 338	"Matlin, Mark"	F 19:00 21:00	38 38 40 40 71 71 76 76 77 77 117 117 190 190 240 240 335 335 389 389 
2395	PK 338	"Bahreyni, Newshaw"	MTF 21:00 22:00	19 19 81 81 87 87 222 222 242 242 257 257 417 417 471 471 707 707 776 
2377	PK 338	"Karagiaridi, Olga"	F 8:00 11:30	7 7 117 117 240 240 340 340 351 351 361 361 549 549 588 588 630 630 717 717 734 734 751 751 969 969 1007 
2378	PK 338	"Benner, Britt VanKirk"	F 11:30 15:00	75 75 149 149 181 181 216 216 230 230 451 451 769 769 824 824 840 840 907 907 946 946 1007 1007 1049 1049 1097 
2379	PK 338	"Benner, Britt VanKirk"	F 15:00 18:30	44 44 74 74 490 490 556 556 600 600 648 648 652 652 713 713 933 933 935 935 1003 1003 1061 1061 1149 1149 1149 
1889	PK 349	"Kumar, Deepak"	TTH 8:00 9:30	73 73 78 78 166 166 418 418 587 587 623 623 958 958 1145 1145 1182 1182 1213 1213 1362 1362 1521 1521 
2391	PK 349	"Matlin, Mark"	F 8:00 10:00	23 23 68 68 127 127 252 252 272 272 463 463 466 466 495 495 532 532 538 538 
2392	PK 349	"Matlin, Mark"	F 10:00 12:00	65 65 272 272 515 515 665 665 674 674 789 789 927 927 983 983 985 985 1118 1118 
2393	PK 349	"Matlin, Mark"	F 12:00 14:00	1 1 79 79 117 117 207 207 231 231 359 359 366 366 432 432 514 514 588 588 
2394	PK 349	"Matlin, Mark"	F 14:00 16:00	158 158 164 164 230 230 293 293 298 298 373 373 423 423 512 512 609 609 639 639 
1808	PK 349	"Schaffner, David A"	MTF 16:00 17:00	82 82 135 135 142 142 153 153 164 164 205 205 302 302 366 366 403 403 
2439	PK 349	"Schaffner, David A"	F 17:00 20:00	49 49 60 60 361 361 385 385 720 720 1185 1185 
1944	PK 349	"Donnay, Victor J."	MTF 8:00 9:00	15 15 34 34 70 70 232 232 245 245 247 247 352 352 412 412 438 438 532 532 621 621 672 672 824 824 887 887 1006 1006 1238 1238 1253 1253 1326 
1945	PK 349	"Kasius, Peter G."	MTF 9:00 10:00	265 265 786 786 816 816 862 862 897 897 937 937 1027 1027 1088 1088 1105 1105 1201 1201 1215 1215 1294 1294 1381 1381 1489 1489 1536 1536 1827 1827 1914 1914 1937 
2239	PK 349	"Cheng, Leslie C."	TTH 8:00 9:30	53 53 525 525 555 555 658 658 701 701 791 791 791 791 812 812 977 977 1157 1157 1246 1246 1317 1317 1366 1366 1446 1446 1499 1499 
2778	PK 349	"Cheng, Leslie C."	TTH 9:30 11:00	49 49 54 54 156 156 213 213 292 292 505 505 754 754 771 771 821 821 827 827 895 895 1100 1100 1117 
2130	PK 349	"Graham, Erica Janine"	TTH 11:00 12:30	187 187 196 196 305 305 330 330 426 426 433 433 666 666 758 758 914 914 1314 1314 
2380	PK 229	"Karagiaridi, Olga"	F 8:00 11:30	224 224 226 226 286 286 499 499 577 577 835 835 946 946 997 997 1069 1069 1102 1102 1135 1135 1274 1274 1382 1382 1388 
2381	PK 229	"Karagiaridi, Olga"	F 11:30 15:00	92 92 215 215 400 400 402 402 447 447 598 598 621 621 739 739 752 752 991 991 1002 1002 1174 1174 1285 1285 1408 
1737	PK 229	"Kung, Yan"	TTH 8:00 9:30	55 55 161 161 425 425 561 561 605 605 650 650 769 769 790 
1741	PK 229	"Malachowski, William P"	TTH 9:30 11:00	35 35 100 100 148 148 213 213 360 360 507 507 677 677 773 
1872	PK 229	"Kumar, Deepak"	TTH 8:00 9:30	56 56 63 63 222 222 295 295 300 300 309 309 360 360 420 420 457 457 568 568 700 700 713 713 
1745	PK 229	"Xu, Yilun"	TTH 9:30 11:00	14 14 55 55 89 89 111 111 115 115 244 244 246 246 439 439 445 445 
2440	PK 278	"Schaffner, David A"	F 8:00 11:00	52 52 303 303 306 306 312 312 370 370 646 646 
1996	PK 278	"Weil, Arlo Brandon"	F 8:00 10:00	152 152 198 198 229 229 337 337 361 361 400 400 467 467 473 473 477 477 572 572 
1928	PK 278	"Marenco, Pedro Jose"	TTH 8:00 9:30	81 81 115 115 127 127 140 140 261 261 304 304 393 393 
1947	PK 278	"Milicevic, Djordje"	TTH 8:00 9:30	8 8 37 37 148 148 167 167 191 191 405 405 408 408 412 412 536 536 706 706 712 712 844 844 892 
1731	PK 278	"Cheng, Leslie C."	TTH 9:30 11:00	66 66 181 181 200 200 261 261 351 351 390 390 480 480 540 540 611 611 885 885 1161 1161 
1732	PK 278	"Melvin, Paul"	TTH 11:00 12:30	5 5 84 84 475 475 542 542 557 557 680 680 995 995 1169 1169 1207 1207 1223 1223 1236 1236 
1968	PK 278	"Milicevic, Djordje"	TTH 12:30 14:00	143 143 197 197 239 239 239 239 509 509 537 537 752 752 847 847 891 891 941 941 975 975 
1969	PK 278	"Donnay, Victor J."	TTH 14:00 15:30	165 165 337 337 395 395 430 430 450 450 654 654 773 773 791 791 871 871 963 963 963 963 
2651	PK 278	"Cheng, Leslie C."	TTH 15:30 17:00	82 82 92 92 190 190 336 336 340 340 389 389 450 450 731 731 770 770 772 772 841 841 
2000	PK 278	"Graham, Erica Janine"	TTH 17:00 18:30	15 15 19 19 258 258 459 459 488 488 493 493 
1974	PK 278	"Cheng, Leslie C."	MTF 8:00 8:10	1 1 30 30 51 
1976	PK 278	"Graham, Erica Janine"	MTF 8:10 8:20	39 39 94 94 119 
1840	PK 336	"Campoamor, Leigh Miranda"	F 8:00 10:30	101 101 223 223 309 309 560 560 950 950 1189 1189 1270 1270 1317 
1846	PK 336	"Pashigian, Melissa J."	F 10:30 12:30	95 95 97 97 102 102 380 380 479 479 554 554 595 595 770 
2026	PK 336	"Slusar, Catharine Kevin"	F 8:00 11:00	137 137 162 162 243 243 278 278 342 342 
2051	PK 336	"Barber, Donald"	MTF 8:00 8:10	69 
2052	PK 336	"Hearth, Selby Christine Hardy"	MTF 8:10 8:20	67 
2053	PK 336	"Marenco, Katherine Nicholson"	MTF 8:20 8:30	48 
2054	PK 336	"Marenco, Pedro Jose"	MTF 8:30 8:40	7 
2055	PK 336	"Weil, Arlo Brandon"	MTF 8:40 8:50	14 
